deltaT=0.01;
a =  39.69869786;
b = -19.60424708;
g = 1587.94791435;
beta = 0.102;
%beta = 2.4;

